Mesh(
vertices=((-0.0, -1.0, 0.0), (0.7236, -0.447215, -0.52572), (-0.276385, -0.447215, -0.85064), (0.7236, -0.447215, -0.52572), (-0.0, -1.0, 0.0), (0.7236, -0.447215, 0.52572), (-0.0, -1.0, 0.0), (-0.276385, -0.447215, -0.85064), (-0.894425, -0.447215, 0.0), (-0.0, -1.0, 0.0), (-0.894425, -0.447215, 0.0), (-0.276385, -0.447215, 0.85064), (-0.0, -1.0, 0.0), (-0.276385, -0.447215, 0.85064), (0.7236, -0.447215, 0.52572), (0.7236, -0.447215, -0.52572), (0.7236, -0.447215, 0.52572), (0.894425, 0.447215, 0.0), (-0.276385, -0.447215, -0.85064), (0.7236, -0.447215, -0.52572), (0.276385, 0.447215, -0.85064), (-0.894425, -0.447215, 0.0), (-0.276385, -0.447215, -0.85064), (-0.7236, 0.447215, -0.52572), (-0.276385, -0.447215, 0.85064), (-0.894425, -0.447215, 0.0), (-0.7236, 0.447215, 0.52572), (0.7236, -0.447215, 0.52572), (-0.276385, -0.447215, 0.85064), (0.276385, 0.447215, 0.85064), (0.7236, -0.447215, -0.52572), (0.894425, 0.447215, 0.0), (0.276385, 0.447215, -0.85064), (-0.276385, -0.447215, -0.85064), (0.276385, 0.447215, -0.85064), (-0.7236, 0.447215, -0.52572), (-0.894425, -0.447215, 0.0), (-0.7236, 0.447215, -0.52572), (-0.7236, 0.447215, 0.52572), (-0.276385, -0.447215, 0.85064), (-0.7236, 0.447215, 0.52572), (0.276385, 0.447215, 0.85064), (0.7236, -0.447215, 0.52572), (0.276385, 0.447215, 0.85064), (0.894425, 0.447215, 0.0), (0.276385, 0.447215, -0.85064), (0.894425, 0.447215, 0.0), (-0.0, 1.0, 0.0), (-0.7236, 0.447215, -0.52572), (0.276385, 0.447215, -0.85064), (-0.0, 1.0, 0.0), (-0.7236, 0.447215, 0.52572), (-0.7236, 0.447215, -0.52572), (-0.0, 1.0, 0.0), (0.276385, 0.447215, 0.85064), (-0.7236, 0.447215, 0.52572), (-0.0, 1.0, 0.0), (0.894425, 0.447215, 0.0), (0.276385, 0.447215, 0.85064), (-0.0, 1.0, 0.0)), 
normals=[(0.1876, -0.7947, -0.5774), (0.1876, -0.7947, -0.5774), (0.1876, -0.7947, -0.5774), (0.6071, -0.7947, 0.0), (0.6071, -0.7947, 0.0), (0.6071, -0.7947, 0.0), (-0.4911, -0.7947, -0.3568), (-0.4911, -0.7947, -0.3568), (-0.4911, -0.7947, -0.3568), (-0.4911, -0.7947, 0.3568), (-0.4911, -0.7947, 0.3568), (-0.4911, -0.7947, 0.3568), (0.1876, -0.7947, 0.5774), (0.1876, -0.7947, 0.5774), (0.1876, -0.7947, 0.5774), (0.9822, -0.1876, 0.0), (0.9822, -0.1876, 0.0), (0.9822, -0.1876, 0.0), (0.3035, -0.1876, -0.9342), (0.3035, -0.1876, -0.9342), (0.3035, -0.1876, -0.9342), (-0.7946, -0.1876, -0.5774), (-0.7946, -0.1876, -0.5774), (-0.7946, -0.1876, -0.5774), (-0.7946, -0.1876, 0.5774), (-0.7946, -0.1876, 0.5774), (-0.7946, -0.1876, 0.5774), (0.3035, -0.1876, 0.9342), (0.3035, -0.1876, 0.9342), (0.3035, -0.1876, 0.9342), (0.7946, 0.1876, -0.5774), (0.7946, 0.1876, -0.5774), (0.7946, 0.1876, -0.5774), (-0.3035, 0.1876, -0.9342), (-0.3035, 0.1876, -0.9342), (-0.3035, 0.1876, -0.9342), (-0.9822, 0.1876, 0.0), (-0.9822, 0.1876, 0.0), (-0.9822, 0.1876, 0.0), (-0.3035, 0.1876, 0.9342), (-0.3035, 0.1876, 0.9342), (-0.3035, 0.1876, 0.9342), (0.7946, 0.1876, 0.5774), (0.7946, 0.1876, 0.5774), (0.7946, 0.1876, 0.5774), (0.4911, 0.7947, -0.3568), (0.4911, 0.7947, -0.3568), (0.4911, 0.7947, -0.3568), (-0.1876, 0.7947, -0.5774), (-0.1876, 0.7947, -0.5774), (-0.1876, 0.7947, -0.5774), (-0.6071, 0.7947, 0.0), (-0.6071, 0.7947, 0.0), (-0.6071, 0.7947, 0.0), (-0.1876, 0.7947, 0.5774), (-0.1876, 0.7947, 0.5774), (-0.1876, 0.7947, 0.5774), (0.4911, 0.7947, 0.3568), (0.4911, 0.7947, 0.3568), (0.4911, 0.7947, 0.3568)], 
mode='triangle')