Mesh(
vertices=((0.5, -0.5, -0.5), (-0.5, -0.5, 0.5), (0.5, -0.5, 0.5), (-0.5, 0.5, 0.5), (0.5, 0.5, -0.5), (0.5, 0.5, 0.5), (0.5, 0.5, 0.5), (0.5, -0.5, -0.5), (0.5, -0.5, 0.5), (0.5, 0.5, -0.5), (-0.5, -0.5, -0.5), (0.5, -0.5, -0.5), (-0.5, -0.5, -0.5), (-0.5, 0.5, 0.5), (-0.5, -0.5, 0.5), (0.5, -0.5, 0.5), (-0.5, 0.5, 0.5), (0.5, 0.5, 0.5), (0.5, -0.5, -0.5), (-0.5, -0.5, -0.5), (-0.5, -0.5, 0.5), (-0.5, 0.5, 0.5), (-0.5, 0.5, -0.5), (0.5, 0.5, -0.5), (0.5, 0.5, 0.5), (0.5, 0.5, -0.5), (0.5, -0.5, -0.5), (0.5, 0.5, -0.5), (-0.5, 0.5, -0.5), (-0.5, -0.5, -0.5), (-0.5, -0.5, -0.5), (-0.5, 0.5, -0.5), (-0.5, 0.5, 0.5), (0.5, -0.5, 0.5), (-0.5, -0.5, 0.5), (-0.5, 0.5, 0.5)), 
uvs=((1.0, 0.0), (0.0, 0.0), (1.0, 0.0), (0.0, 1.0), (0.999999, 0.0), (1.0, 0.999999), (1.0, 0.999999), (1.0, 0.0), (1.0, 0.999999), (0.999999, 0.0), (0.0, 0.0), (1.0, 0.0), (0.0, 0.0), (0.0, 1.0), (0.0, 1.0), (1.0, 0.999999), (0.0, 1.0), (1.0, 0.999999), (1.0, 0.0), (0.0, 0.0), (0.0, 0.0), (0.0, 1.0), (0.0, 1e-06), (0.999999, 0.0), (1.0, 0.999999), (0.999999, 0.0), (1.0, 0.0), (0.999999, 0.0), (0.0, 1e-06), (0.0, 0.0), (0.0, 0.0), (0.0, 1e-06), (0.0, 1.0), (1.0, 0.999999), (0.0, 1.0), (0.0, 1.0)), 
normals=[(-0.0, -1.0, 0.0), (-0.0, -1.0, 0.0), (-0.0, -1.0, 0.0), (-0.0, 1.0, -0.0), (-0.0, 1.0, -0.0), (-0.0, 1.0, -0.0), (1.0, -0.0, 0.0), (1.0, -0.0, 0.0), (1.0, -0.0, 0.0), (-0.0, -0.0, -1.0), (-0.0, -0.0, -1.0), (-0.0, -0.0, -1.0), (-1.0, -0.0, 0.0), (-1.0, -0.0, 0.0), (-1.0, -0.0, 0.0), (0.0, 0.0, 1.0), (0.0, 0.0, 1.0), (0.0, 0.0, 1.0), (-0.0, -1.0, 0.0), (-0.0, -1.0, 0.0), (-0.0, -1.0, 0.0), (-0.0, 1.0, -0.0), (-0.0, 1.0, -0.0), (-0.0, 1.0, -0.0), (1.0, -0.0, 0.0), (1.0, -0.0, 0.0), (1.0, -0.0, 0.0), (-0.0, -0.0, -1.0), (-0.0, -0.0, -1.0), (-0.0, -0.0, -1.0), (-1.0, -0.0, 0.0), (-1.0, -0.0, 0.0), (-1.0, -0.0, 0.0), (0.0, 0.0, 1.0), (0.0, 0.0, 1.0), (0.0, 0.0, 1.0)], 
mode='triangle')